29.6926
29.6849
29.6706
29.6501
29.6238
29.5919
29.5549
29.513
29.4664
29.4156
29.3607
29.302
29.2396
29.1739
29.1049
29.033
28.9582
28.8808
28.8008
28.7186
28.6341
28.5475
28.459
28.3687
28.2767
28.183
28.088
27.9915
27.8937
27.7948
27.6948
27.5937
27.4918
27.389
27.2854
27.1811
27.0761
26.9706
26.8645
26.758
26.651
26.5436
26.4359
26.3279
26.2197
26.1112
26.0025
25.8937
25.7848
25.6758
25.5667
25.4577
25.3486
25.2395
25.1306
25.0216
24.9128
24.8041
24.6956
24.5872
24.4789
24.3709
24.263
24.1554
24.048
23.9408
23.8339
23.7272
23.6208
23.5147
23.4089
23.3033
23.1981
23.0931
22.9885
22.8842
22.7802
22.6765
22.5732
22.4702
22.3675
22.2652
22.1632
22.0616
21.9603
21.8594
21.7588
21.6586
21.5587
21.4592
21.36
21.2612
21.1627
21.0645
20.9668
20.8693
20.7722
20.6755
20.5792
20.4831
20.3875
20.2922
20.1972
20.1027
20.0084
19.9146
19.8211
19.7279
19.6352
19.5428
19.4508
19.3591
19.2679
19.177
19.0865
18.9964
18.9067
18.8174
18.7285
18.64
18.5519
18.4642
18.377
18.2901
18.2037
18.1178
18.0322
17.9472
17.8626
17.7784
17.6947
17.6115
17.5288
17.4465
17.3647
17.2834
17.2025
17.1221
17.0422
16.9628
16.8839
16.8055
16.7276
16.6501
16.5732
16.4967
16.4208
16.3453
16.2703
16.1959
16.1219
16.0485
15.9756
15.9032
15.8312
15.7599
15.689
15.6186
15.5488
15.4794
15.4106
15.3423
15.2744
15.2071
15.1403
15.074
15.0082
14.9428
14.878
14.8137
14.7498
14.6865
14.6236
14.5612
14.4993
14.4379
14.3769
14.3164
14.2565
14.197
14.1379
14.0794
14.0213
13.9637
13.9065
13.8498
13.7936
13.7378
13.6824
13.6274
13.5729
13.5188
13.4651
13.4117
13.3588
13.3062
13.254
13.2022
13.1507
13.0996
13.0488
12.9984
12.9483
12.8985
12.849
12.7998
12.7509
12.7023
12.654
12.606
12.5583
12.5108
12.4636
12.4167
12.37
12.3236
12.2774
12.2315
12.1857
12.1403
12.095
12.0499
12.0051
11.9605
11.916
11.8718
11.8277
11.7839
11.7402
11.6967
11.6533
11.6102
11.5672
11.5243
11.4816
11.4391
11.3967
11.3545
11.3124
11.2705
11.2287
11.187
11.1455
11.1041
11.0629
11.0217
10.9807
10.9399
10.8992
10.8586
10.8181
10.7777
10.7375
10.6974
10.6574
10.6176
10.5779
10.5383
10.4989
10.4595
10.4204
10.3813
10.3424
10.3036
10.2649
10.2264
10.188
10.1498
10.1117
10.0737
10.0358
9.99816
9.9606
9.9232
9.88594
9.84884
9.81188
9.77509
9.73845
9.70197
9.66566
9.6295
9.59351
9.55768
9.52202
9.48653
9.45121
9.41606
9.38108
9.34628
9.31166
9.27722
9.24296
9.20888
9.175
9.14131
9.1078
9.0745
9.04139
9.00848
8.97578
8.94328
8.91098
8.87889
8.84701
8.81533
8.78387
8.75262
8.72157
8.69074
8.66013
8.62973
8.59954
8.56956
8.5398
8.51025
8.48092
8.4518
8.42289
8.39419
8.36571
8.33743
8.30935
8.28149
8.25382
8.22635
8.19909
8.17201
8.14514
8.11845
8.09195
8.06564
8.03952
8.01358
7.98782
7.96224
7.93684
7.91161
7.88656
7.86167
7.83696
7.81241
7.78802
7.7638
7.73974
7.71584
7.69209
7.6685
7.64506
7.62177
7.59863
7.57564
7.5528
7.5301
7.50754
7.48512
7.46284
7.4407
7.4187
7.39683
7.3751
7.35349
7.33202
7.31068
7.28946
7.26837
7.24741
7.22657
7.20586
7.18526
7.16479
7.14443
7.1242
7.10408
7.08407
7.06418
7.04441
7.02474
7.00519
6.98574
6.9664
6.94717
6.92805
6.90904
6.89012
6.87132
6.85261
6.83401
6.81551
6.79711
6.77881
6.76061
6.7425
6.72449
6.70658
6.68875
6.67103
6.65339
6.63584
6.61838
6.60101
6.58372
6.56653
6.54941
6.53238
6.51544
6.49857
6.48179
6.46508
6.44846
6.43191
6.41544
6.39905
6.38274
6.3665
6.35033
6.33424
6.31822
6.30228
6.28641
6.27061
6.25488
6.23923
6.22364
6.20813
6.19268
6.17731
6.162
6.14676
6.1316
6.1165
6.10146
6.0865
6.0716
6.05678
6.04201
6.02732
6.01269
5.99813
5.98364
5.96921
5.95485
5.94056
5.92633
5.91217
5.89807
5.88404
5.87007
5.85617
5.84234
5.82857
5.81487
5.80123
5.78766
5.77415
5.76071
5.74733
5.73402
5.72077
5.70759
5.69447
5.68142
5.66843
5.65551
5.64265
5.62985
5.61712
5.60446
5.59185
5.57932
5.56684
5.55443
5.54208
5.5298
5.51758
5.50543
5.49334
5.48131
5.46934
5.45744
5.4456
5.43382
5.42211
5.41046
5.39887
5.38734
5.37588
5.36447
5.35313
5.34185
5.33064
5.31948
5.30839
5.29735
5.28638
5.27547
5.26462
5.25383
5.2431
5.23243
5.22182
5.21127
5.20078
5.19035
5.17998
5.16967
5.15941
5.14922
5.13908
5.129
5.11898
5.10902
5.09912
5.08927
5.07948
5.06975
5.06007
5.05045
5.04089
5.03138
5.02193
5.01253
5.00319
4.99391
4.98468
4.9755
4.96638
4.95732
4.94831
4.93935
4.93044
4.92159
4.91279
4.90405
4.89536
4.88672
4.87813
4.86959
4.86111
4.85268
4.84429
4.83596
4.82769
4.81946
4.81128
4.80315
4.79507
4.78704
4.77906
4.77113
4.76325
4.75542
4.74763
4.73989
4.7322
4.72456
4.71697
4.70942
4.70192
4.69447
4.68706
4.6797
4.67239
4.66512
4.65789
4.65071
4.64358
4.63649
4.62945
4.62245
4.61549
4.60858
4.60171
4.59488
4.5881
4.58136
4.57466
4.56801
4.5614
4.55482
4.5483
4.54181
4.53536
4.52895
4.52259
4.51626
4.50998
4.50373
4.49753
4.49136
4.48524
4.47915
4.4731
4.46709
4.46112
4.45519
4.4493
4.44344
4.43762
4.43184
4.42609
4.42038
4.41471
4.40908
4.40348
4.39791
4.39239
4.38689
4.38144
4.37602
4.37063
4.36528
4.35996
4.35468
4.34943
4.34421
4.33903
4.33388
4.32877
4.32369
4.31864
4.31362
4.30864
4.30369
4.29877
4.29388
4.28903
4.2842
4.27941
4.27465
4.26991
4.26521
4.26054
4.2559
4.25129
4.24672
4.24216
4.23764
4.23315
4.22869
4.22426
4.21985
4.21548
4.21113
4.20681
4.20252
4.19826
4.19402
4.18982
4.18564
4.18148
4.17736
4.17326
4.16918
4.16514
4.16112
4.15713
4.15316
4.14922
4.1453
4.14141
4.13754
4.1337
4.12989
4.1261
4.12233
4.11859
4.11488
4.11118
4.10752
4.10387
4.10025
4.09665
4.09308
4.08953
4.086
4.0825
4.07902
4.07556
4.07212
4.06871
4.06532
4.06195
4.0586
4.05528
4.05197
4.04869
4.04543
4.04219
4.03897
4.03577
4.0326
4.02944
4.02631
4.02319
4.0201
4.01702
4.01397
4.01093
4.00792
4.00492
4.00195
3.99899
3.99606
3.99314
3.99024
3.98736
3.9845
3.98166
3.97883
3.97603
3.97324
3.97047
3.96772
3.96499
3.96227
3.95957
3.95689
3.95423
3.95158
3.94896
3.94635
3.94375
3.94117
3.93861
3.93607
3.93354
3.93103
3.92854
3.92606
3.9236
3.92115
3.91872
3.91631
3.91391
3.91153
3.90916
3.90681
3.90447
3.90215
3.89984
3.89755
3.89527
3.89301
3.89077
3.88853
3.88631
3.88411
3.88192
3.87975
3.87759
3.87544
3.87331
3.87119
3.86908
3.86699
3.86491
3.86285
3.8608
3.85876
3.85673
3.85472
3.85272
3.85074
3.84876
3.8468
3.84486
3.84292
3.841
3.83909
3.83719
3.83531
3.83344
3.83157
3.82973
3.82789
3.82607
3.82425
3.82245
3.82066
3.81888
3.81712
3.81536
3.81362
3.81189
3.81017
3.80846
3.80676
3.80507
3.80339
3.80173
3.80007
3.79843
3.79679
3.79517
3.79356
3.79195
3.79036
3.78878
3.78721
3.78565
3.78409
3.78255
3.78102
3.7795
3.77799
3.77649
3.77499
3.77351
3.77204
3.77058
3.76912
3.76768
3.76624
3.76482
3.7634
3.76199
3.76059
3.7592
3.75782
3.75645
3.75509
3.75373
3.75239
3.75105
3.74972
3.74841
3.74709
3.74579
3.7445
3.74321
3.74194
3.74067
3.73941
3.73815
3.73691
3.73567
3.73444
3.73322
3.73201
3.7308
3.72961
3.72842
3.72724
3.72606
3.7249
3.72374
3.72259
3.72144
3.7203
3.71917
3.71805
3.71694
3.71583
3.71473
3.71364
3.71255
3.71147
3.7104
3.70933
3.70827
3.70722
3.70618
3.70514
3.70411
3.70308
3.70206
3.70105
3.70005
3.69905
3.69806
3.69707
3.69609
3.69512
3.69415
3.69319
3.69223
3.69129
3.69034
3.68941
3.68848
3.68755
3.68663
3.68572
3.68481
3.68391
3.68302
3.68213
3.68125
3.68037
3.6795
3.67863
3.67777
3.67691
3.67606
3.67522
3.67438
3.67355
3.67272
3.6719
3.67108
3.67027
3.66946
3.66866
3.66786
3.66707
3.66628
3.6655
3.66473
3.66395
3.66319
3.66243
3.66167
3.66092
3.66017
3.65943
3.65869
3.65796
3.65723
3.65651
3.65579
3.65508
3.65437
3.65366
3.65296
3.65227
3.65158
3.65089
3.65021
3.64953
3.64886
3.64819
3.64752
3.64686
3.6462
3.64555
3.6449
3.64426
3.64362
3.64299
3.64235
3.64173
3.6411
3.64049
3.63987
3.63926
3.63865
3.63805
3.63745
3.63685
3.63626
3.63567
3.63509
3.63451
3.63393
3.63336
3.63279
3.63222
3.63166
3.6311
3.63055
3.63
3.62945
3.62891
3.62837
3.62783
3.6273
3.62677
3.62624
3.62572
3.6252
3.62468
3.62417
3.62366
3.62315
3.62265
3.62215
3.62165
3.62116
3.62067
3.62018
3.61969
3.61921
3.61874
3.61826
3.61779
3.61732
3.61685
3.61639
3.61593
3.61548
3.61502
3.61457
3.61412
3.61368
3.61324
3.6128
3.61236
3.61193
3.6115
3.61107
3.61064
3.61022
3.6098
3.60938
3.60897
3.60856
3.60815
3.60774
3.60734
3.60694
3.60654
3.60614
3.60575
3.60536
3.60497
3.60458
3.6042
3.60382
3.60344
3.60307
3.60269
3.60232
3.60195
3.60159
3.60122
3.60086
3.6005
3.60015
3.59979
3.59944
3.59909
3.59874
3.5984
3.59805
3.59771
3.59737
3.59704
3.5967
3.59637
3.59604
3.59571
3.59539
3.59506
3.59474
3.59442
3.5941
3.59379
3.59348
3.59316
3.59285
3.59255
3.59224
3.59194
3.59164
3.59134
3.59104
3.59074
3.59045
3.59016
3.58987
3.58958
3.58929
3.58901
3.58873
3.58845
3.58817
3.58789
3.58761
3.58734
3.58707
3.5868
3.58653
3.58626
3.586
3.58574
3.58548
3.58522
3.58496
3.5847
3.58445
3.58419
3.58394
3.58369
3.58344
3.5832
3.58295
3.58271
3.58247
3.58223
3.58199
3.58175
3.58151
3.58128
3.58105
3.58082
3.58059
3.58036
3.58013
3.57991
3.57968
3.57946
3.57924
3.57902
3.5788
3.57858
3.57837
3.57816
3.57794
3.57773
3.57752
3.57731
3.57711
3.5769
3.5767
3.57649
3.57629
3.57609
3.57589
3.57569
3.5755
3.5753
3.57511
3.57491
3.57472
3.57453
3.57434
3.57415
3.57397
3.57378
3.5736
3.57341
3.57323
3.57305
3.57287
3.57269
3.57252
3.57234
3.57216
3.57199
3.57182
3.57165
3.57148
3.57131
3.57114
3.57097
3.5708
3.57064
3.57047
3.57031
3.57015
3.56999
3.56983
3.56967
3.56951
3.56935
3.5692
3.56904
3.56889
3.56874
3.56858
3.56843
3.56828
3.56813
3.56799
3.56784
3.56769
3.56755
3.5674
3.56726
3.56712
3.56697
3.56683
3.56669
3.56656
3.56642
3.56628
3.56614
3.56601
3.56587
3.56574
3.56561
3.56548
3.56534
3.56521
3.56508
3.56496
3.56483
3.5647
3.56457
3.56445
3.56432
3.5642
3.56408
3.56396
3.56383
3.56371
3.56359
3.56347
3.56336
3.56324
3.56312
3.56301
3.56289
3.56278
3.56266
3.56255
3.56244
3.56232
3.56221
3.5621
3.56199
3.56188
3.56178
3.56167
3.56156
3.56146
3.56135
3.56125
3.56114
3.56104
3.56094
3.56083
3.56073
3.56063
3.56053
3.56043
3.56033
3.56023
3.56014
3.56004
3.55994
3.55985
3.55975
3.55966
3.55956
3.55947
3.55938
3.55928
3.55919
3.5591
3.55901
3.55892
3.55883
3.55874
3.55865
3.55857
3.55848
3.55839
3.55831
3.55822
3.55814
3.55805
3.55797
3.55789
3.5578
3.55772
3.55764
3.55756
3.55748
3.5574
3.55732
3.55724
3.55716
3.55708
3.557
3.55693
3.55685
3.55677
3.5567
3.55662
3.55655
3.55647
3.5564
3.55632
3.55625
3.55618
3.55611
3.55604
3.55596
3.55589
3.55582
3.55575
3.55568
3.55562
3.55555
3.55548
3.55541
3.55534
3.55528
3.55521
3.55515
3.55508
3.55501
3.55495
3.55489
3.55482
3.55476
3.5547
3.55463
3.55457
3.55451
3.55445
3.55439
3.55432
3.55426
3.5542
3.55414
3.55409
3.55403
3.55397
3.55391
3.55385
3.55379
3.55374
3.55368
3.55362
3.55357
3.55351
3.55346
3.5534
3.55335
3.55329
3.55324
3.55319
3.55313
3.55308
3.55303
3.55298
3.55292
3.55287
3.55282
3.55277
3.55272
3.55267
3.55262
3.55257
3.55252
3.55247
3.55242
3.55237
3.55232
3.55228
3.55223
3.55218
3.55213
3.55209
3.55204
3.55199
3.55195
3.5519
3.55186
3.55181
3.55177
3.55172
3.55168
3.55164
3.55159
3.55155
3.5515
3.55146
3.55142
3.55138
3.55133
3.55129
3.55125
3.55121
3.55117
3.55113
3.55109
3.55105
3.55101
3.55097
3.55093
3.55089
3.55085
3.55081
3.55077
3.55073
3.55069
3.55066
3.55062
3.55058
3.55054
3.55051
3.55047
3.55043
3.5504
3.55036
3.55032
3.55029
3.55025
3.55022
3.55018
3.55015
3.55011
3.55008
3.55004
3.55001
3.54998
3.54994
3.54991
3.54988
3.54984
3.54981
3.54978
3.54975
3.54971
3.54968
3.54965
3.54962
3.54959
3.54956
3.54952
3.54949
3.54946
3.54943
3.5494
3.54937
3.54934
3.54931
3.54928
3.54925
3.54922
3.54919
3.54916
3.54914
3.54911
3.54908
3.54905
3.54902
3.54899
3.54897
3.54894
3.54891
3.54888
3.54886
3.54883
3.5488
3.54878
3.54875
3.54872
3.5487
3.54867
3.54865
3.54862
3.5486
3.54857
3.54854
3.54852
3.54849
3.54847
3.54845
3.54842
3.5484
3.54837
3.54835
3.54832
3.5483
3.54828
3.54825
3.54823
3.54821
3.54818
3.54816
3.54814
3.54812
3.54809
3.54807
3.54805
3.54803
3.548
3.54798
3.54796
3.54794
3.54792
3.5479
3.54787
3.54785
3.54783
3.54781
3.54779
3.54777
3.54775
3.54773
3.54771
3.54769
3.54767
3.54765
3.54763
3.54761
3.54759
3.54757
3.54755
3.54753
3.54751
3.54749
3.54747
3.54746
3.54744
3.54742
3.5474
3.54738
3.54736
3.54735
3.54733
3.54731
3.54729
3.54727
3.54726
3.54724
3.54722
3.5472
3.54719
3.54717
3.54715
3.54714
3.54712
3.5471
3.54709
3.54707
3.54705
3.54704
3.54702
3.547
3.54699
3.54697
3.54696
3.54694
3.54692
3.54691
3.54689
3.54688
3.54686
3.54685
3.54683
3.54682
3.5468
3.54679
3.54677
3.54676
3.54674
3.54673
3.54671
3.5467
3.54669
3.54667
3.54666
3.54664
3.54663
3.54661
3.5466
3.54659
3.54657
3.54656
3.54655
3.54653
3.54652
3.54651
3.54649
3.54648
3.54647
3.54645
3.54644
3.54643
3.54641
3.5464
3.54639
3.54638
3.54636
3.54635
3.54634
3.54633
3.54632
3.5463
3.54629
3.54628
3.54627
3.54626
3.54624
3.54623
3.54622
3.54621
3.5462
3.54619
3.54617
3.54616
3.54615
3.54614
3.54613
3.54612
3.54611
3.5461
3.54608
3.54607
3.54606
3.54605
3.54604
3.54603
3.54602
3.54601
3.546
3.54599
3.54598
3.54597
3.54596
3.54595
3.54594
3.54593
3.54592
3.54591
3.5459
3.54589
3.54588
3.54587
3.54586
3.54585
3.54584
3.54583
3.54582
3.54581
3.5458
3.54579
3.54578
3.54577
3.54577
3.54576
3.54575
3.54574
3.54573
3.54572
3.54571
3.5457
3.54569
3.54568
3.54568
3.54567
3.54566
3.54565
3.54564
3.54563
3.54563
3.54562
3.54561
3.5456
3.54559
3.54558
3.54558
3.54557
3.54556
3.54555
3.54554
3.54554
3.54553
3.54552
3.54551
3.5455
3.5455
3.54549
3.54548
3.54547
3.54547
3.54546
3.54545
3.54544
3.54544
3.54543
3.54542
3.54541
3.54541
3.5454
3.54539
3.54539
3.54538
3.54537
3.54537
3.54536
3.54535
3.54534
3.54534
3.54533
3.54532
3.54532
3.54531
3.5453
3.5453
3.54529
3.54528
3.54528
3.54527
3.54526
3.54526
3.54525
3.54525
3.54524
3.54523
3.54523
3.54522
3.54521
3.54521
3.5452
3.5452
3.54519
3.54518
3.54518
3.54517
3.54517
3.54516
3.54515
3.54515
3.54514
3.54514
3.54513
3.54512
3.54512
3.54511
3.54511
3.5451
3.5451
3.54509
3.54509
3.54508
3.54507
3.54507
3.54506
3.54506
3.54505
3.54505
3.54504
3.54504
3.54503
3.54503
3.54502
3.54502
3.54501
3.54501
3.545
3.545
3.54499
3.54499
3.54498
3.54498
3.54497
3.54497
3.54496
3.54496
3.54495
3.54495
3.54494
3.54494
3.54493
3.54493
3.54492
3.54492
3.54491
3.54491
3.5449
3.5449
3.54489
3.54489
3.54489
3.54488
3.54488
3.54487
3.54487
3.54486
3.54486
3.54485
3.54485
3.54485
3.54484
3.54484
3.54483
3.54483
3.54483
3.54482
3.54482
3.54481
3.54481
3.5448
3.5448
3.5448
3.54479
3.54479
3.54478
3.54478
3.54478
3.54477
3.54477
3.54476
3.54476
3.54476
3.54475
3.54475
3.54475
3.54474
3.54474
3.54473
3.54473
3.54473
3.54472
3.54472
3.54472
3.54471
3.54471
3.5447
3.5447
3.5447
3.54469
3.54469
3.54469
3.54468
3.54468
3.54468
3.54467
3.54467
3.54467
3.54466
3.54466
3.54466
3.54465
3.54465
3.54465
3.54464
3.54464
3.54464
3.54463
3.54463
3.54463
3.54462
3.54462
3.54462
3.54461
3.54461
3.54461
3.5446
3.5446
3.5446
3.54459
3.54459
3.54459
3.54459
3.54458
3.54458
3.54458
3.54457
3.54457
3.54457
3.54456
3.54456
3.54456
3.54456
3.54455
3.54455
3.54455
3.54454
3.54454
3.54454
3.54454
3.54453
3.54453
3.54453
3.54452
3.54452
3.54452
3.54452
3.54451
3.54451
3.54451
3.54451
3.5445
3.5445
3.5445
3.54449
3.54449
3.54449
3.54449
3.54448
3.54448
3.54448
3.54448
3.54447
3.54447
3.54447
3.54447
3.54446
3.54446
3.54446
3.54446
3.54445
3.54445
3.54445
3.54445
3.54444
3.54444
3.54444
3.54444
3.54444
3.54443
3.54443
3.54443
3.54443
3.54442
3.54442
3.54442
3.54442
3.54441
3.54441
3.54441
3.54441
3.54441
3.5444
3.5444
3.5444
3.5444
3.54439
3.54439
3.54439
3.54439
3.54439
3.54438
3.54438
3.54438
3.54438
3.54438
3.54437
3.54437
3.54437
3.54437
3.54437
3.54436
3.54436
3.54436
3.54436
3.54436
3.54435
3.54435
3.54435
3.54435
3.54435
3.54434
3.54434
3.54434
3.54434
3.54434
3.54433
3.54433
3.54433
3.54433
3.54433
3.54432
3.54432
3.54432
3.54432
3.54432
3.54432
3.54431
3.54431
3.54431
3.54431
3.54431
3.5443
3.5443
3.5443
3.5443
3.5443
3.5443
3.54429
3.54429
3.54429
3.54429
3.54429
3.54429
3.54428
3.54428
3.54428
3.54428
3.54428
3.54428
3.54427
3.54427
3.54427
3.54427
3.54427
3.54427
3.54426
3.54426
3.54426
3.54426
3.54426
3.54426
3.54426
3.54425
3.54425
3.54425
3.54425
3.54425
3.54425
3.54424
3.54424
3.54424
3.54424
3.54424
3.54424
3.54424
3.54423
3.54423
3.54423
3.54423
3.54423
3.54423
3.54423
3.54422
3.54422
3.54422
3.54422
3.54422
3.54422
3.54422
3.54421
3.54421
3.54421
3.54421
3.54421
3.54421
3.54421
3.5442
3.5442
3.5442
3.5442
3.5442
3.5442
3.5442
3.5442
3.54419
3.54419
3.54419
3.54419
3.54419
3.54419
3.54419
3.54418
3.54418
3.54418
3.54418
3.54418
3.54418
3.54418
3.54418
3.54417
3.54417
3.54417
3.54417
3.54417
3.54417
3.54417
3.54417
3.54417
3.54416
3.54416
3.54416
3.54416
3.54416
3.54416
3.54416
3.54416
3.54415
3.54415
3.54415
3.54415
3.54415
3.54415
3.54415
3.54415
3.54415
3.54414
3.54414
3.54414
3.54414
3.54414
3.54414
3.54414
3.54414
3.54414
3.54413
3.54413
3.54413
3.54413
3.54413
3.54413
3.54413
3.54413
3.54413
3.54413
3.54412
3.54412
3.54412
3.54412
3.54412
3.54412
3.54412
3.54412
3.54412
3.54412
3.54411
3.54411
3.54411
3.54411
3.54411
3.54411
3.54411
3.54411
3.54411
3.54411
3.5441
3.5441
3.5441
3.5441
3.5441
3.5441
3.5441
3.5441
3.5441
3.5441
3.5441
3.54409
3.54409
3.54409
3.54409
3.54409
3.54409
3.54409
3.54409
3.54409
3.54409
3.54409
3.54408
3.54408
3.54408
3.54408
3.54408
3.54408
3.54408
3.54408
3.54408
3.54408
3.54408
3.54408
3.54407
3.54407
3.54407
3.54407
3.54407
3.54407
3.54407
3.54407
3.54407
3.54407
3.54407
3.54407
3.54406
3.54406
3.54406
3.54406
3.54406
3.54406
3.54406
3.54406
3.54406
3.54406
3.54406
3.54406
3.54406
3.54405
3.54405
3.54405
3.54405
3.54405
3.54405
3.54405
3.54405
3.54405
3.54405
3.54405
3.54405
3.54405
3.54404
3.54404
3.54404
3.54404
3.54404
3.54404
3.54404
3.54404
3.54404
3.54404
3.54404
3.54404
3.54404
3.54404
3.54403
3.54403
3.54403
3.54403
3.54403
3.54403
3.54403
3.54403
3.54403
3.54403
3.54403
3.54403
3.54403
3.54403
3.54403
3.54402
3.54402
3.54402
3.54402
3.54402
3.54402
3.54402
3.54402
3.54402
3.54402
3.54402
3.54402
3.54402
3.54402
3.54402
3.54402
3.54401
3.54401
3.54401
3.54401
3.54401
3.54401
3.54401
3.54401
3.54401
3.54401
3.54401
3.54401
3.54401
3.54401
3.54401
3.54401
3.54401
3.544
3.544
3.544
3.544
3.544
3.544
3.544
3.544
3.544
3.544
3.544
3.544
3.544
3.544
3.544
3.544
3.544
3.544
3.54399
3.54399
3.54399
3.54399
3.54399
3.54399
3.54399
3.54399
3.54399
3.54399
3.54399
3.54399
3.54399
3.54399
3.54399
3.54399
3.54399
3.54399
3.54399
3.54398
3.54398
3.54398
3.54398
3.54398
3.54398
3.54398
3.54398
3.54398
3.54398
3.54398
3.54398
3.54398
3.54398
3.54398
3.54398
3.54398
3.54398
3.54398
3.54398
3.54397
3.54397
3.54397
3.54397
3.54397
3.54397
3.54397
3.54397
3.54397
3.54397
3.54397
3.54397
3.54397
3.54397
3.54397
3.54397
3.54397
3.54397
3.54397
3.54397
3.54397
3.54397
3.54396
3.54396
3.54396
3.54396
3.54396
3.54396
3.54396
3.54396
3.54396
3.54396
3.54396
3.54396
3.54396
3.54396
3.54396
3.54396
3.54396
3.54396
3.54396
3.54396
3.54396
3.54396
3.54396
3.54396
3.54395
3.54395
3.54395
3.54395
3.54395
3.54395
3.54395
3.54395
3.54395
3.54395
3.54395
3.54395
3.54395
3.54395
3.54395
3.54395
3.54395
3.54395
3.54395
3.54395
3.54395
3.54395
3.54395
3.54395
3.54395
3.54395
3.54394
3.54394
3.54394
3.54394
3.54394
3.54394
3.54394
3.54394
3.54394
3.54394
3.54394
3.54394
3.54394
3.54394
3.54394
3.54394
3.54394
3.54394
3.54394
3.54394
3.54394
3.54394
3.54394
3.54394
3.54394
3.54394
3.54394
3.54394
3.54393
3.54393
3.54393
3.54393
3.54393
3.54393
3.54393
3.54393
3.54393
3.54393
3.54393
3.54393
3.54393
3.54393
3.54393
3.54393
3.54393
3.54393
3.54393
3.54393
3.54393
3.54393
3.54393
3.54393
3.54393
3.54393
3.54393
3.54393
3.54393
3.54393
3.54393
3.54392
3.54392
3.54392
3.54392
3.54392
3.54392
3.54392
3.54392
3.54392
3.54392
3.54392
3.54392
3.54392
3.54392
3.54392
3.54392
3.54392
3.54392
3.54392
3.54392
3.54392
3.54392
3.54392
3.54392
3.54392
3.54392
3.54392
3.54392
3.54392
3.54392
3.54392
3.54392
3.54392
3.54392
3.54392
3.54391
3.54391
3.54391
3.54391
3.54391
3.54391
3.54391
3.54391
3.54391
3.54391
3.54391
3.54391
3.54391
3.54391
3.54391
3.54391
3.54391
3.54391
3.54391
3.54391
3.54391
3.54391
3.54391
3.54391
3.54391
3.54391
3.54391
3.54391
3.54391
3.54391
3.54391
3.54391
3.54391
3.54391
3.54391
3.54391
3.54391
3.54391
3.54391
3.5439
3.5439
